tree
version=v4
num_class=1
num_tree_per_iteration=1
label_index=0
max_feature_idx=19
objective=binary sigmoid:1
feature_names=strength range_pct up_move down_move asymmetry price_in_range ret_30s ret_15s vol_30s vol_60s vol_120s vol_accel rsi ema_cross bb_pct chop_ratio time_to_high time_to_low recovery initial_move
feature_infos=[0.00040046365522253003:0.011855710464710893] [0.0004002691795273797:0.011718389805086927] [0:0.011718389805086927] [0:0.0067090886478642971] [-1:1] [-4.110260869565157:6.7155629139078545] [-0.0032702544548609547:0.0041615278047155702] [-0.0030914685016176779:0.0030821907399021242] [0:0.0006855489396845214] [0:0.00082588753607042609] [1.3552494791321979e-05:0.0010981258082831743] [0:1.9906437933377745] [0:100] [-0.0003929842993746424:0.00077407892745949601] [-2.1794494718816182:2.1794494729944307] [0.01680672268907563:0.86554621848739499] [0:0.9916666666666667] [0:0.9916666666666667] [-5.7155629139078545:5.656228956229687] [0:0.004857733480989372]
tree_sizes=1690 1744 1744 1752 1743 1734 1737 1737 1744 1741 1740 1753 1753 1750 1750 1751 1748 1750 1740 1763 1742 1739 1763 1750 1750 1754 1738 1751 1755 1745 1749 1743 1747 1763 1756 1755 1750 1743 1748 1743 1743 1754

Tree=0
num_leaves=15
num_cat=0
split_feature=18 19 18 19 10 0 18 0 10 0 12 12 17 14
split_gain=169.041 31.3444 31.5432 24.9971 19.0812 15.4075 11.1575 10.9567 10.6958 6.88057 5.94141 10.9307 5.88066 5.79255
threshold=0.72522548203368109 0.00017602854675734537 0.22283654440946535 0.00023463740506240514 7.6163170539243272e-05 0.0011521988042495683 0.96636707087239915 0.0013638544893062245 9.873027662208365e-05 0.00046989875407447713 99.805351645710189 99.629397329938357 0.74583333333333346 1.642857407119344
decision_type=2 2 2 2 2 2 2 2 2 2 2 2 2 2
left_child=1 2 -1 5 -5 8 -6 9 10 -4 11 -2 -3 -14
right_child=3 12 7 4 6 -7 -8 -9 -10 -11 -12 -13 13 -15
leaf_value=0.68303690585808807 0.78110423014035846 0.67125537867940799 0.68501223677699552 0.73342826490555624 0.75717342651111541 0.83897835534961673 0.82836708369250733 0.81664961059032337 0.86392117378861888 0.75374849838969593 0.80903304455916214 0.68310496457682568 0.75144899701643675 0.66553493066673286
leaf_weight=23.495686605572701 44.07310751080513 50.605766102671623 4.1920768469572094 32.951982669532299 10.773061245679857 20.045850455760956 11.250463888049124 6.3463102281093589 4.474917843937873 27.68381579220295 17.307932138442993 3.0417627468705168 4.8900983780622465 3.2764369174838066
leaf_count=139 365 285 25 235 83 194 106 58 46 211 155 18 37 18
internal_value=0.747435 0.703742 0.728628 0.784015 0.75751 0.800398 0.793542 0.756654 0.789173 0.744709 0.783981 0.774777 0.677609 0.71698
internal_weight=264.409 120.49 61.7179 143.919 54.9755 88.9436 22.0235 38.2222 68.8977 31.8759 64.4228 47.1149 58.7723 8.16654
internal_count=1975 773 433 1202 424 778 189 294 584 236 538 383 340 55
is_linear=0
shrinkage=1


Tree=1
num_leaves=15
num_cat=0
split_feature=18 18 0 18 2 17 6 2 0 2 18 8 8 10
split_gain=144.958 20.8449 17.8622 19.0816 11.3697 14.4205 10.0885 9.61438 8.85033 8.2544 8.11449 7.5477 6.25806 10.3203
threshold=0.72522548203368109 0.23806539738733057 0.00090275679783935209 1.1283242423188542 0.00020676849080864914 0.16250000000000001 0.00027648352682818628 0.00045294875991128337 0.00087194050681282085 1.0000000180025095e-35 0.89654543809180776 6.4810226379614935e-05 6.8143877356031699e-05 5.0545437040856851e-05
decision_type=2 2 2 2 2 2 2 2 2 2 2 2 2 2
left_child=1 -1 3 8 6 7 -3 -6 9 -2 11 -4 13 -9
right_child=2 4 10 -5 5 -7 -8 12 -10 -11 -12 -13 -14 -15
leaf_value=-0.10825809690182811 0.019923605754979642 -0.057783034043551562 0.01820118500016242 0.014121464161364675 -0.11403307186585171 -0.10017995097295299 0.011696631448917496 -0.054964085619726613 -0.10815930240310634 -0.039575247866724672 0.02824557419832795 -0.039007718079576405 -0.06522815489400223 0.044107400983859124
leaf_weight=43.840336449444294 6.6476337462663642 18.190536461770538 11.927790656685831 25.655351601541042 4.4922073781490353 31.657227791845798 7.3297835290431967 5.4354785233736056 4.1337696984410277 47.346505850553513 37.403849050402641 11.159286946058272 8.242280498147009 5.09051413834095
leaf_count=239 60 125 107 228 24 180 64 38 24 352 347 84 55 48
internal_value=-0.040941 -0.0805207 -0.00684686 -0.0217958 -0.0654032 -0.0782177 -0.0378275 -0.0483273 -0.0376482 -0.0322499 0.0138582 -0.00945111 -0.0326005 -0.00705176
internal_weight=268.553 124.278 144.274 83.7833 80.438 54.9177 25.5203 23.2605 58.1279 53.9941 60.4909 23.0871 18.7683 10.526
internal_count=1975 773 1202 664 534 345 189 165 436 412 538 191 141 86
is_linear=0
shrinkage=0.05


Tree=2
num_leaves=15
num_cat=0
split_feature=19 3 17 5 16 7 17 3 16 5 5 3 9 10
split_gain=51.5215 18.2741 13.9678 13.3219 20.2604 10.2695 21.7129 9.95046 9.37805 14.6874 14.5806 7.82752 7.68403 7.47209
threshold=0.00021260901776943149 0.0013230574091324149 0.97083333333333344 0.96952839859122864 0.4958333333333334 -0.00045198314377470345 0.39583333333333343 0.0018271148166160221 0.43750000000000006 0.71901218529832223 0.72531398390940727 0.00047149033966812872 6.7128054791208759e-05 4.3409550695141083e-05
decision_type=2 2 2 2 2 2 2 2 2 2 2 2 2 2
left_child=1 5 3 7 -5 6 -1 -2 10 -10 11 -7 -6 -11
right_child=2 -3 -4 4 12 8 -8 -9 9 13 -12 -13 -14 -15
leaf_value=-0.09689356887604704 -0.077223344363536756 0.041484184509871257 0.016358266555600878 -0.11674799188380569 -0.027814723375370533 -0.048569105722706493 0.020405062781143707 0.012486801066357113 -0.044809723779730054 -0.016637800750255723 -0.073922105455982878 -0.0056128595139348985 0.05355477439694202 0.026390514903261483
leaf_weight=12.35714164376259 92.500087007880211 11.396807238459585 5.2420839220285407 4.3806823343038586 6.3572318628430349 15.364710822701452 5.7955631613731375 3.1978697329759589 16.654109925031662 16.027574710547924 15.915478907525538 34.233924813568592 5.3372777178883553 27.233396761119366
leaf_count=68 564 110 46 22 48 107 53 27 117 127 97 284 53 252
internal_value=-0.038366 -0.019457 -0.0634098 -0.0671508 -0.0250338 -0.0242942 -0.059444 -0.0742256 -0.0192071 -0.00491072 -0.0322817 -0.0189199 0.00932164 0.0104491
internal_weight=271.994 154.979 117.015 111.773 16.0752 143.582 18.1527 95.698 125.429 59.9151 65.5141 49.5986 11.6945 43.261
internal_count=1975 1215 760 714 123 1105 121 591 984 496 488 391 101 379
is_linear=0
shrinkage=0.05


Tree=3
num_leaves=15
num_cat=0
split_feature=18 19 18 19 9 1 1 10 18 1 1 9 9 12
split_gain=115.385 20.5581 21.0755 18.876 15.3288 13.0325 9.63887 9.33608 5.88306 5.43593 4.99683 6.06391 7.23715 4.74084
threshold=0.72522548203368109 0.00017602854675734537 0.3268356011845977 0.00023463740506240514 8.8922830307428891e-05 0.0011504867733987008 0.0013618818827727981 9.873027662208365e-05 0.89844636308848258 0.00092716863603648934 0.0005920359740006568 6.1974295511374878e-05 5.1082300730381105e-05 99.805351645710189
decision_type=2 2 2 2 2 2 2 2 2 2 2 2 2 2
left_child=1 2 -1 5 9 7 10 13 -6 -5 -4 12 -12 -2
right_child=3 -3 6 4 8 -7 -8 -9 -10 -11 11 -13 -14 -15
leaf_value=-0.080199605912496405 -0.013987181164326366 -0.090444408434363799 -0.063697465897431665 -0.056794393015196565 -0.027981041791297064 0.045161322869377983 0.036668799862068689 0.07031066989537281 0.043232897716180461 -0.020905470762398994 -0.019517890438648659 -0.064537406341883749 0.074904813330215467 0.016662589212563996
leaf_weight=31.310540623962879 47.86820574849844 64.19972687214613 9.9587441757321375 25.910664290189743 4.3455231413245192 19.406424388289452 5.590415656566619 4.2823376953601828 8.7188947424292547 17.798756957054138 10.579902999103071 5.361626297235488 2.5109702944755545 17.132021017372608
leaf_count=176 383 340 63 170 32 194 53 46 85 137 81 35 25 155
internal_value=-0.0360261 -0.0703518 -0.0506013 -0.00546452 -0.0279763 0.00894628 -0.0233457 -0.00119775 0.0195455 -0.0421802 -0.0351546 -0.0197501 -0.0014066 -0.00590886
internal_weight=274.975 129.512 65.3122 145.463 56.7738 88.689 34.0017 69.2826 13.0644 43.7094 28.4112 18.4525 13.0909 65.0002
internal_count=1975 773 433 1202 424 778 257 584 117 307 204 141 106 538
is_linear=0
shrinkage=0.05


Tree=4
num_leaves=15
num_cat=0
split_feature=19 3 17 5 16 2 7 17 3 9 17 2 6 16
split_gain=39.2938 15.1528 11.3815 10.4114 16.582 10.256 9.37853 20.7995 8.16842 6.54494 5.36346 8.73908 10.955 8.42024
threshold=0.00021260901776943149 0.0013230574091324149 0.97083333333333344 0.96952839859122864 0.4958333333333334 0.0012889156459126299 -0.00036494518555774119 0.39583333333333343 0.0018271148166160221 6.7128054791208759e-05 0.77916666666666679 0.00044574198458982524 -8.8971029493511975e-05 0.17083333333333336
decision_type=2 2 2 2 2 2 2 2 2 2 2 2 2 2
left_child=1 5 3 8 -5 6 7 -1 -2 -6 11 -8 -13 -12
right_child=2 -3 -4 4 9 -7 10 -9 -10 -11 13 12 -14 -15
leaf_value=-0.094701362518804677 -0.067300896188128359 0.039064134774180359 0.016690595294308632 -0.10214859314674939 -0.023382865199913311 0.025584954232361398 -0.036639392439177132 0.010600223746192888 0.013676058546236262 0.05184897301194287 0.042394692826387553 -0.046803633568022099 0.0082915816797425393 -0.042257950069751471
leaf_weight=12.991445384919645 96.115044847130775 11.053278148174284 5.2472833171486846 4.5869080871343639 6.5152593702077848 10.643509797751902 56.947017312049866 7.3383623585104933 3.2185482382774344 5.1969666332006454 7.91063544154167 12.525825552642344 32.258069254457951 4.6727021485567093
leaf_count=65 564 110 46 22 48 99 404 66 27 53 74 85 279 33
internal_value=-0.0339234 -0.017371 -0.0553314 -0.0585997 -0.0215615 -0.0216645 -0.0253995 -0.0566911 -0.0646771 0.00999912 -0.0198346 -0.0236436 -0.00711827 0.0109597
internal_weight=277.221 156.341 120.88 115.633 16.2991 145.288 134.644 20.3298 99.3336 11.7122 114.314 101.731 44.7839 12.5833
internal_count=1975 1215 760 714 123 1105 1006 131 591 101 875 768 364 107
is_linear=0
shrinkage=0.05


Tree=5
num_leaves=15
num_cat=0
split_feature=0 5 16 16 5 11 15 8 17 5 15 10 0 11
split_gain=24.6573 10.0523 23.782 13.5092 26.6443 11.9405 11.5144 8.5474 7.74515 7.27856 7.60629 6.1181 7.54798 5.78563
threshold=0.0013072857288140161 0.99968120211284517 0.24583333333333338 0.087500000000000008 0.092133349406665163 0.72221968349623611 0.65966386554621859 6.8850377691811196e-05 0.89583333333333348 0.90395177710172658 0.50000000000000011 8.7067117676852459e-05 0.0028980893808396107 0.66230175838342287
decision_type=2 2 2 2 2 2 2 2 2 2 2 2 2 2
left_child=1 3 -3 4 -1 6 13 -2 -7 10 -9 -12 -13 -5
right_child=7 2 -4 5 -6 8 -8 9 -10 -11 11 12 -14 -15
leaf_value=0.013751909938097202 0.026644364028380319 -0.08585487441695494 0.005368481204432402 -0.024687265823571419 -0.05085515147934222 -0.071909199410354882 -0.074071590131650392 0.037270185708630124 -0.019231667503835027 0.036163181056013606 0.014351392180338271 -0.062820983108550221 0.013670143690000254 0.046627424996547512
leaf_weight=25.81235396116972 18.022726625204086 9.3658780083060247 30.124164909124374 28.604532875120643 41.801446065306664 66.763459838926792 12.608268089592455 4.1303208619356182 7.7922117188572875 5.6758903563022605 4.8924873322248486 16.504018217325214 4.0084533169865599 3.1580079719424239
leaf_count=225 166 47 259 205 268 374 72 39 58 56 42 102 34 28
internal_value=-0.0319741 -0.0391843 -0.016267 -0.0440358 -0.0261907 -0.0541813 -0.0336445 -0.00135982 -0.0664036 -0.0156937 -0.0256592 -0.0358902 -0.0478734 -0.0175968
internal_weight=279.264 226.03 39.49 186.54 67.6138 118.926 44.3708 53.2339 74.5557 35.2112 29.5353 25.405 20.5125 31.7625
internal_count=1975 1536 306 1230 493 737 305 439 432 273 217 178 136 233
is_linear=0
shrinkage=0.05


Tree=6
num_leaves=15
num_cat=0
split_feature=18 19 18 19 10 0 10 18 0 12 7 14 11 17
split_gain=87.6231 15.9805 16.3906 14.216 12.0737 10.8114 8.36841 7.83093 7.57794 5.65429 4.93168 4.72362 4.30662 4.2118
threshold=0.72522548203368109 0.00017602854675734537 0.3268356011845977 0.00023463740506240514 7.6163170539243272e-05 0.0011521988042495683 9.873027662208365e-05 0.99978643798902811 0.00070014862297678208 59.322508774402301 0.00040055069777866775 2.1794494717632986 1.0109272848864939 0.74583333333333346
decision_type=2 2 2 2 2 2 2 2 2 2 2 2 2 2
left_child=1 2 -1 5 -5 6 -2 9 12 -6 -11 -7 -4 -3
right_child=3 13 8 4 7 11 -8 -9 -10 10 -12 -13 -14 -15
leaf_value=-0.067686249385232031 -0.0042696160472034317 -0.081701306073112032 -0.057825758007619979 -0.040732567823269748 -0.046851430350950574 0.05361509536107676 0.068943711330073126 0.040464155748960451 0.0027867609444652704 0.060133894004897284 -0.037881596475770662 -0.015456695066920266 0.0058427819745237499 -0.045263288374590704
leaf_weight=32.562750771641731 65.669068306684494 57.649140022695065 12.309843711555002 35.7249815762043 7.6305586025118846 15.840951666235926 4.1496748924255362 9.5224947184324247 19.12944408506155 3.1580157279968262 2.161904476583004 2.9336066842079154 3.38672000914812 9.1954270005226117
leaf_count=176 538 285 75 235 51 168 46 93 156 30 15 26 26 55
internal_value=-0.0301706 -0.0593668 -0.0421848 -0.00347203 -0.02267 0.00913932 8.18159e-05 0.0060439 -0.0183406 -0.0192653 0.0203024 0.0428223 -0.0440885 -0.0766887
internal_weight=281.025 134.233 67.3888 146.791 58.198 88.5933 69.8187 22.473 34.826 12.9505 5.31992 18.7746 15.6966 66.8446
internal_count=1975 773 433 1202 424 778 584 189 257 96 45 194 101 340
is_linear=0
shrinkage=0.05


Tree=7
num_leaves=15
num_cat=0
split_feature=18 9 0 18 4 7 4 2 18 9 4 6 18 17
split_gain=77.9642 11.7779 11.5778 10.9761 7.32917 7.8426 7.72442 6.50806 7.63639 6.75195 5.46142 10.2785 5.2696 5.06523
threshold=0.70980181474195192 8.3459176752502813e-05 0.0013638544893062245 0.23806539738733057 -0.75639712212950727 0.00027074953122852024 0.61163758875834562 0.00092073067575130705 1.1283242423188542 8.1240619832218241e-06 -0.99952272792739827 8.1659980818882274e-05 0.89844636308848258 0.20416666666666669
decision_type=2 2 2 2 2 2 2 2 2 2 2 2 2 2
left_child=3 2 7 -1 5 -5 -6 8 9 -2 11 -11 -3 -8
right_child=1 12 -4 4 6 -7 13 -9 -10 10 -12 -13 -14 -15
leaf_value=-0.075679281583107758 0.02728018144227215 -0.005766387144467592 0.030888950844479721 -0.039993688277604765 -0.067193864209877815 0.027301877595502455 -0.01537873355309116 0.02765202388832301 0.0075606124815048789 0.053451781007396892 -0.035836939744855537 -0.047834904227075571 0.040716597949405992 -0.070401413566340068
leaf_weight=48.445245668292046 5.4125654920935622 9.0838909521698969 14.749842941761015 14.530416190624239 40.374275296926498 6.1668189838528624 15.700181081891062 7.810886211693286 20.452419720590115 5.1109105646610242 65.044838972389698 4.9120480567216873 18.544316731393337 5.7016683220863333
leaf_count=239 49 72 144 96 211 54 113 73 176 50 445 35 188 30
internal_value=-0.0285457 -0.00407767 -0.01068 -0.0567896 -0.0456938 -0.0199427 -0.0543213 -0.0163183 -0.019721 -0.0266541 -0.0305429 0.00381324 0.0254334 -0.0300373
internal_weight=282.04 151.122 123.494 130.919 82.4734 20.6972 61.7761 108.744 100.933 80.4804 75.0678 10.023 27.6282 21.4018
internal_count=1975 1232 972 743 504 150 354 828 755 579 530 85 260 143
is_linear=0
shrinkage=0.05


Tree=8
num_leaves=15
num_cat=0
split_feature=18 19 18 19 10 0 10 18 0 0 10 11 6 14
split_gain=69.7361 13.1871 13.1737 12.2956 9.64681 9.53983 7.48477 6.88311 6.51897 5.06668 4.73388 4.46078 4.64697 4.39249
threshold=0.72522548203368109 0.00017602854675734537 0.3268356011845977 0.00023463740506240514 7.6163170539243272e-05 0.0011521988042495683 9.873027662208365e-05 0.99978643798902811 0.0013638544893062245 0.002465100382962839 9.3243115533859052e-05 1.1124317233803795 0.00033114331543693259 2.1794494717632986
decision_type=2 2 2 2 2 2 2 2 2 2 2 2 2 2
left_child=1 2 -1 5 -5 6 -2 9 11 10 -6 12 -4 -7
right_child=3 -3 8 4 7 13 -8 -9 -10 -11 -12 -13 -14 -15
leaf_value=-0.059912496461651345 -0.0037179076977866795 -0.068397171791878222 -0.039182867846915131 -0.03675194797069057 0.0057855457007625092 0.051663167157571382 0.06711126739277036 0.038051325527210259 0.034342028140434834 0.039812333935957615 -0.063813734355244706 0.026225630095203057 0.034054914752956432 -0.015084230929993839
leaf_weight=33.120389565825462 65.854721210896969 67.909514635801315 23.655031673610218 36.293205752968788 4.1538579463958758 15.296931535005571 3.9538107663393012 9.2435100749135 5.4416457638144484 2.9028729051351538 5.9322604164481163 3.6954741328954688 2.3842103555798522 2.9382437318563452
leaf_count=176 538 340 153 235 33 168 46 93 53 27 36 30 21 26
internal_value=-0.0270378 -0.0527951 -0.0372816 -0.00310164 -0.0208639 0.00870557 0.00029371 0.00507233 -0.0159734 -0.0183969 -0.03515 -0.0251814 -0.0324771 0.0409081
internal_weight=282.776 136.206 68.2968 146.569 58.5257 88.0437 69.8085 22.2325 35.1764 12.989 10.0861 29.7347 26.0392 18.2352
internal_count=1975 773 433 1202 424 778 584 189 257 96 69 204 174 194
is_linear=0
shrinkage=0.05


Tree=9
num_leaves=15
num_cat=0
split_feature=18 9 0 18 4 9 14 4 2 18 9 16 18 15
split_gain=62.5063 9.94192 9.82635 9.24909 5.83729 6.35819 9.19292 6.28592 5.56964 6.56791 5.85368 5.27226 4.61876 4.80208
threshold=0.70980181474195192 8.3459176752502813e-05 0.0013638544893062245 0.23806539738733057 -0.75639712212950727 3.7679520091275137e-05 -0.10419332719625878 0.61163758875834562 0.00092073067575130705 1.1283242423188542 8.1240619832218241e-06 0.27083333333333343 0.89844636308848258 0.67647058823529427
decision_type=2 2 2 2 2 2 2 2 2 2 2 2 2 2
left_child=3 2 8 -1 5 -5 -7 -6 9 10 -2 -9 -3 -14
right_child=1 12 -4 4 7 6 -8 11 -10 -11 -12 -13 13 -15
leaf_value=-0.067993111596153288 0.026263485480808254 -0.0052597648063311478 0.029175028202087623 -0.057701604998750211 -0.059780924977471561 -0.061780853484821575 0.027166414289963737 -0.074760913570804985 0.02628033510269577 0.0074853322338685998 -0.027794520592429817 -0.013827749053204427 0.047339174079269006 -0.037151650031671049
leaf_weight=48.931216202676296 5.3614512011408797 9.0726920366287249 14.40327727049589 6.7235419303178814 40.871746189892292 4.0908498615026501 10.020007520914072 4.4770426526665714 7.6867770925164214 20.427818417549133 75.924247890710831 17.144575923681259 16.086445815861229 1.8780394792556752
leaf_count=239 49 72 144 39 211 24 87 22 73 176 530 121 172 16
internal_value=-0.0256479 -0.00364825 -0.00964699 -0.0507384 -0.0406061 -0.0176865 0.00137989 -0.0482472 -0.0147582 -0.0178596 -0.024229 -0.0264448 0.02382 0.0385064
internal_weight=283.1 150.841 123.804 132.259 83.3278 20.8344 14.1109 62.4934 109.4 101.714 81.2857 21.6216 27.0372 17.9645
internal_count=1975 1232 972 743 504 150 111 354 828 755 579 143 260 188
is_linear=0
shrinkage=0.05


Tree=10
num_leaves=15
num_cat=0
split_feature=19 1 1 17 7 17 6 5 16 1 11 11 9 5
split_gain=23.6729 16.4465 9.15883 7.69237 6.61483 8.3425 6.05013 6.042 10.6706 5.92829 4.92764 5.77542 4.83086 4.82448
threshold=0.00021260901776943149 0.0013537101315660254 0.002887756326756032 0.97083333333333344 -0.00030207417296917999 0.39583333333333343 -0.00037484728901360226 0.96952839859122864 0.4958333333333334 0.00045003639730874131 1.0054090857044515 0.65144002588172722 9.2712147111891695e-06 -0.26565194778020024
decision_type=2 2 2 2 2 2 2 2 2 2 2 2 2 2
left_child=1 4 3 7 5 -1 -7 -2 -9 -6 11 -10 -11 -14
right_child=2 -3 -4 -5 9 6 -8 8 10 12 -12 -13 13 -15
leaf_value=-0.064185352430723902 -0.050154707025828076 0.029814816501177739 0.036946583018894127 0.017374973251820986 -0.041934973745074058 0.020258989947433675 -0.067015615174253515 -0.080228691025583651 0.045039928885225435 0.03674616272550698 0.070812347535739589 -0.039402551382843515 0.073310180754676199 -0.012449544114403209
leaf_weight=15.22342509031296 100.24165362864733 20.903510086238384 3.6936196982860556 5.0593582689762107 14.959438808262346 6.9049005433917046 2.7873930856585485 4.7083933129906645 3.1986125409603101 5.6492927744984618 2.5327283442020407 5.5181992128491402 1.6702866852283467 90.213027104735374
leaf_count=77 564 213 34 43 95 67 18 22 30 54 28 39 17 674
internal_value=-0.0243454 -0.0115039 -0.0406153 -0.0429779 -0.0177896 -0.0410999 -0.00484019 -0.0456056 -0.0170301 -0.0126266 0.00942106 -0.00841659 -0.00813135 -0.0108906
internal_weight=283.264 158.311 124.953 121.259 137.408 24.9157 9.69229 116.2 15.9579 112.492 11.2495 8.71681 97.5326 91.8833
internal_count=1975 1215 760 726 1002 162 85 683 119 840 97 69 745 691
is_linear=0
shrinkage=0.05


Tree=11
num_leaves=15
num_cat=0
split_feature=18 19 0 19 0 10 10 14 18 13 19 18 10 11
split_gain=53.922 10.694 13.6636 9.72251 7.88751 7.58334 6.56293 6.05415 5.9119 4.43468 4.30661 5.4181 5.96534 5.03798
threshold=0.72522548203368109 0.0003577116668760305 0.0013558216243075437 0.00023463740506240514 0.0011521988042495683 7.6163170539243272e-05 9.873027662208365e-05 -2.179449471770035 0.99978643798902811 -1.4597362616729332e-05 0.00017602854675734537 0.31265850641253673 7.0032305593065796e-05 0.96522211417741099
decision_type=2 2 2 2 2 2 2 2 2 2 2 2 2 2
left_child=1 2 7 4 6 -5 -2 -1 9 -7 11 -9 13 -13
right_child=3 -3 -4 5 -6 8 -8 10 -10 -11 -12 12 -14 -15
leaf_value=-0.081823340683475965 -0.0025885919669558252 -0.065109695900485903 0.019165676009087571 -0.0315671309896004 0.038553587668178145 -0.045842541712458551 0.065440393464437571 -0.047853563926538951 0.036602310406546171 0.012385931033558121 -0.057823836208696126 -0.038937224866107178 0.036558557082674047 0.014010483847133076
leaf_weight=8.7299546375870687 66.254609122872353 46.566951379179955 10.108947478234766 36.909510143101215 17.532465554773808 6.3812051266431808 3.7457050532102576 23.787362448871136 9.0217839330434781 6.7063695415854472 19.420177705585957 17.817888706922538 4.6084279939532271 6.0073562711477271
leaf_count=39 538 225 87 235 194 42 46 128 93 54 97 111 39 47
internal_value=-0.0230951 -0.0456407 -0.0356207 -0.00201172 0.00856312 -0.0176956 0.00105163 -0.0425116 0.00546158 -0.016005 -0.0377212 -0.0302454 -0.0155146 -0.0255869
internal_weight=283.599 137.047 90.4801 146.552 87.5328 59.0189 70.0003 80.3712 22.1094 13.0876 71.6412 52.221 28.4337 23.8252
internal_count=1975 773 548 1202 778 424 584 461 189 96 422 325 197 158
is_linear=0
shrinkage=0.05


Tree=12
num_leaves=15
num_cat=0
split_feature=18 19 0 19 5 1 1 18 7 13 18 9 8 15
split_gain=48.7461 9.55123 10.2541 9.19046 7.91601 7.85779 6.71866 5.60146 5.13116 4.66351 4.61881 4.14229 5.74195 3.80973
threshold=0.70980181474195192 0.0003577116668760305 0.0013558216243075437 0.00023463740506240514 1.2610273445138598 0.0012774830813483344 0.00089758935895050795 0.11305091347160211 0.00035072781591771745 6.6327253528244829e-05 0.96056279613481654 6.1974295511374878e-05 5.0623767223171163e-05 0.56722689075630262
decision_type=2 2 2 2 2 2 2 2 2 2 2 2 2 2
left_child=1 2 7 5 6 8 -5 -1 -2 11 -8 12 -9 -14
right_child=3 -3 -4 4 -6 -7 10 9 -10 -11 -12 -13 13 -15
leaf_value=-0.060205666424497206 -0.0026631491674803873 -0.063037516818528525 0.014743609287110061 -0.039320899024162276 0.06922168504503548 0.041568883396534237 -0.021478672249935687 -0.037521066832970164 0.045332286845324622 0.019296356995765766 0.017340606794923014 -0.061324243257185988 -0.016761536056651091 0.055215730313863946
leaf_weight=24.693482793867588 68.92198084294796 44.31388483196497 9.4117433056235296 27.272060103714466 2.5278756991028777 14.376183934509752 18.557018533349041 30.043549753725529 6.0582137480378142 4.1758621186017981 13.05204316973686 11.988443844020365 4.8309620246291152 2.9678163304924965
leaf_count=120 566 213 80 165 29 166 126 177 63 31 117 64 33 25
internal_value=-0.0219685 -0.0441027 -0.0345799 -0.00252673 -0.0174181 0.00770717 -0.0211377 -0.0404785 0.00121476 -0.0314586 -0.00544938 -0.0357119 -0.0275979 0.0106293
internal_weight=283.191 132.426 88.1119 150.765 61.409 89.3564 58.8811 78.7001 74.9802 54.0066 31.6091 49.8308 37.8423 7.79878
internal_count=1975 743 530 1232 437 795 408 450 629 330 243 299 235 58
is_linear=0
shrinkage=0.05


Tree=13
num_leaves=15
num_cat=0
split_feature=19 0 0 17 8 17 6 17 2 12 12 8 0 6
split_gain=17.2963 12.1008 7.8965 6.41869 5.65519 5.26302 7.58079 7.80658 5.96611 5.62855 6.78052 5.50839 6.75963 8.95078
threshold=0.00021260901776943149 0.0013558216243075437 0.0028980893808396107 0.97083333333333344 6.9129213177387426e-05 0.77916666666666679 -0.00036438344504968739 0.39583333333333343 0.00044574198458982524 99.81447124293787 99.537541968307792 6.2537763743279097e-05 0.0005546155728349089 -9.5716710964477411e-05
decision_type=2 2 2 2 2 2 2 2 2 2 2 2 2 2
left_child=1 5 3 -2 -3 6 7 -1 -8 10 11 12 -10 -14
right_child=2 4 -4 -5 -6 -7 8 -9 9 -11 -12 -13 13 -15
leaf_value=-0.065445663810527396 -0.039367072526485553 0.055461080671071597 0.037564023446199253 0.018158683446120188 0.00210420222011874 0.013556032255134898 -0.023418689947319854 0.0031106029603375088 -0.041667731513022215 0.029828883211147929 -0.085632250540908575 -0.061254097760251605 -0.021607121491251102 0.046917802486053602
leaf_weight=14.796810723841192 116.34676682204008 9.128405727446081 3.6607735008001319 5.0599940866231909 10.890727221965788 14.28871291130781 58.56795796006918 5.7723889499902716 5.9614411145448747 12.189529247581957 2.7185923904180518 3.5733628794550887 8.0262077823281324 11.729929238557812
leaf_count=71 683 109 34 43 104 121 397 54 38 120 15 24 55 107
internal_value=-0.020903 -0.00988742 -0.0347879 -0.0369695 0.0264341 -0.0151708 -0.0184989 -0.0462065 -0.0129531 0.00091489 -0.0100958 -0.00308504 0.00499734 0.0190786
internal_weight=282.712 157.644 125.068 121.407 20.0191 137.625 123.336 20.5692 102.767 44.1991 32.0095 29.2909 25.7176 19.7561
internal_count=1975 1215 760 726 213 1002 881 125 756 359 239 224 200 162
is_linear=0
shrinkage=0.05


Tree=14
num_leaves=15
num_cat=0
split_feature=18 19 0 0 18 0 19 19 18 7 14 4 3 17
split_gain=42.252 8.65892 10.3724 8.05604 8.138 6.9839 6.61786 6.26652 5.36369 6.17474 5.0248 4.88998 4.53001 5.06504
threshold=0.72522548203368109 0.0003577116668760305 0.0013558216243075437 0.00090275679783935209 1.1835407803290685 0.00087194050681282085 0.00031438229007205702 0.00039036235374659967 1.0000430144528338 -7.5689458815419983e-05 -2.179449471770035 0.28881384549089734 1.4956482637561626e-07 0.47083333333333338
decision_type=2 2 2 2 2 2 2 2 2 2 2 2 2 2
left_child=1 2 10 4 5 7 -5 -2 9 -8 -1 -11 -12 -14
right_child=3 -3 -4 6 -6 -7 8 -9 -10 11 12 -13 13 -15
leaf_value=-0.072899876287220639 -0.0073795777866684197 -0.05748684959121439 0.017303675277500083 0.029498753627266911 0.015120400327429099 -0.077074090713724744 -0.051923076677206359 -0.048958748514749975 0.034618785058367747 0.025356964910341995 -0.0036368239167052113 -0.038287511367410015 -0.055512329693697321 -0.025999931202345103
leaf_weight=8.6180280447006208 49.254350930452347 46.153523921966553 9.945382431149481 30.173437252640724 22.602288089692593 4.9040237590670577 7.8088145703077378 11.104870073497294 6.7483943849802008 8.9631082117557508 11.433472134172915 4.5501663833856574 24.448733754456043 35.865588508546352
leaf_count=39 369 225 87 318 207 26 48 62 68 74 78 30 126 218
internal_value=-0.0198629 -0.0398687 -0.030865 -0.00117767 -0.0107366 -0.0196915 0.0132427 -0.0150293 -0.00423127 -0.0165272 -0.0368259 0.00392671 -0.0324929 -0.0379629
internal_weight=282.574 136.465 90.3112 146.109 87.8655 65.2632 58.2439 60.3592 28.0705 21.3221 80.3658 13.5133 71.7478 60.3143
internal_count=1975 773 548 1202 664 457 538 431 220 152 461 104 422 344
is_linear=0
shrinkage=0.05


Tree=15
num_leaves=15
num_cat=0
split_feature=18 19 1 1 19 18 1 1 18 13 17 1 14 1
split_gain=38.3832 7.87658 7.63878 7.44238 7.64125 6.63359 5.2427 5.66168 4.90645 4.11726 3.92073 3.8315 3.82491 5.9638
threshold=0.70980181474195192 0.0003577116668760305 0.0013537101315660254 0.0027174241508707291 0.00023463740506240514 1.1283242423188542 0.0007631711515004503 0.00073302490735826099 0.11305091347160211 6.6327253528244829e-05 0.97083333333333344 0.00080686266254580391 0.61321074975448875 0.00055436656013690478
decision_type=2 2 2 2 2 2 2 2 2 2 2 2 2 2
left_child=1 2 8 4 6 10 7 12 -1 -10 -6 -8 13 -2
right_child=3 -3 -4 -5 5 -7 11 -9 9 -11 -12 -13 -14 -15
leaf_value=-0.053725384181770489 -0.029095000329482014 -0.055983981726825574 0.012920744053695791 0.067792278408626228 -0.02843921438980784 0.023027800975715614 0.074696435874501116 -0.07620124611845254 -0.030687829191586122 0.020933949707627263 0.020710302937856525 0.015538072367766923 0.019476895778646093 0.014972767695483048
leaf_weight=24.337814047932625 18.339491359889511 43.706537246704102 9.2686260268092138 3.7615574151277533 46.401842325925827 8.7340039983391744 2.977010875940322 2.6118845939636222 50.069211013615131 4.1855232939124098 4.4464124813675872 33.949999704957008 15.823512658476828 13.205966763198374
leaf_count=120 132 213 80 44 293 81 30 16 299 31 38 341 144 113
internal_value=-0.0189191 -0.0386384 -0.0300098 -0.00165203 -0.00343521 -0.0172269 0.00602012 -0.00453561 -0.0350727 -0.0267054 -0.0241413 0.0203073 -0.000584026 -0.0106468
internal_weight=281.819 131.568 87.8612 150.252 146.49 59.5823 86.9079 49.9809 78.5925 54.2547 50.8483 36.927 47.369 31.5455
internal_count=1975 743 530 1232 1188 412 776 405 450 330 331 371 389 245
is_linear=0
shrinkage=0.05


Tree=16
num_leaves=15
num_cat=0
split_feature=18 19 9 19 3 18 18 18 19 15 17 2 17 2
split_gain=34.8184 7.37083 6.85123 7.95257 6.77448 6.65003 4.55934 3.54364 5.11179 4.43083 3.33656 3.28814 3.1683 3.71494
threshold=0.70980181474195192 0.00015066343875230168 8.3459176752502813e-05 0.00039785994186940422 0.0013230574091324149 0.11305091347160211 0.88267881439845952 0.89844636308848258 0.00032350196853740324 0.67647058823529427 0.74583333333333346 0.0007655856399051839 0.31250000000000006 0.00065191098381375096
decision_type=2 2 2 2 2 2 2 2 2 2 2 2 2 2
left_child=1 5 3 4 -2 -1 -5 8 -4 -9 12 -8 13 -3
right_child=2 10 7 6 -6 -7 11 9 -10 -11 -12 -13 -14 -15
leaf_value=-0.049014225288666669 -0.0022517665266192266 -0.050553684555568724 0.042422757509339631 -0.056029023592779864 0.064135491850519866 -0.013620069836356935 -0.023984421675887879 0.044243908743498817 -0.034628166815508184 -0.037435902506770202 -0.019802420601357493 0.032300870003230259 -0.063738212568175565 -0.0083876114380058674
leaf_weight=19.109944991767406 90.930987849831581 22.271349214017395 3.6014647707343119 10.318294271826746 4.0123529061675063 43.43288404494524 15.63851408660412 15.08901133388281 5.3505657985806465 1.865621045231818 9.002540782094 3.11095868051052 30.442768804728985 6.8240623474121085
leaf_count=97 737 111 38 55 53 297 101 172 34 16 53 26 143 42
internal_value=-0.0180244 -0.0368467 -0.00156672 -0.00645216 0.000553792 -0.0244347 -0.0293355 0.0218191 -0.00363004 0.0352562 -0.0481725 -0.0146454 -0.0524622 -0.040664
internal_weight=281.001 131.084 149.918 124.011 94.9433 62.5428 29.0678 25.9067 8.95203 16.9546 68.5407 18.7495 59.5382 29.0954
internal_count=1975 743 1232 972 790 394 182 260 72 188 349 127 296 153
is_linear=0
shrinkage=0.05


Tree=17
num_leaves=15
num_cat=0
split_feature=18 19 18 0 10 16 3 7 7 14 19 14 14 13
split_gain=31.629 9.22795 9.84694 8.956 6.39601 5.89899 6.59937 5.78823 5.45456 4.62115 4.49985 4.34863 3.38461 4.78656
threshold=0.53587397785260038 0.00029872695381865668 0.90507463935727606 0.0013558216243075437 0.00010151178607805082 0.61250000000000016 0.00070810449651273531 0.00035072781591771745 -1.0000000180025095e-35 -0.70204505266790207 0.00015066343875230168 -2.179449471770035 2.1794494717700332 1.4699480989679139e-05
decision_type=2 2 2 2 2 2 2 2 2 2 2 2 2 2
left_child=10 3 5 7 -4 6 -3 -2 -8 -7 11 -1 13 -13
right_child=1 2 4 -5 -6 9 8 -9 -10 -11 -12 12 -14 -15
leaf_value=-0.063378452711371894 -0.0053418479640803332 -0.069972518211738152 -0.01071200962816253 0.037992832920444627 0.045271327496473092 -0.048083975438388639 -0.054751972580858871 0.044725402877133696 0.024759744976835821 0.014185697030482043 -0.052075530486899217 -0.030027263403570544 -0.049070357527613746 0.01266100157864633
leaf_weight=8.0190186277031881 96.941659659147263 16.3473374247551 25.002048723399643 15.866200670599936 6.40989676862955 4.7964006513357162 4.4178120568394661 6.1382121145725241 4.2147115245461446 7.8652053177356702 46.719967074692249 17.687194608151916 9.2308087423443776 10.444354012608526
leaf_count=38 756 77 177 189 71 25 23 67 32 55 232 105 50 78
internal_value=-0.0171782 -0.00541809 -0.0199568 0.00302228 0.000711906 -0.037205 -0.051297 -0.00236044 -0.0159315 -0.00940296 -0.0411831 -0.0299694 -0.0227989 -0.0141785
internal_weight=280.101 187.999 69.0534 118.946 31.4119 37.6415 24.9799 103.08 8.63252 12.6616 92.1013 45.3814 37.3624 28.1315
internal_count=1975 1472 460 1012 248 212 132 823 55 80 503 271 233 183
is_linear=0
shrinkage=0.05


Tree=18
num_leaves=15
num_cat=0
split_feature=3 17 7 2 16 17 6 15 17 6 16 6 15 11
split_gain=9.36937 8.76434 6.18855 5.35766 8.12124 6.33194 9.56835 4.95279 4.92437 4.46344 4.24727 3.99844 3.30225 3.25342
threshold=0.00095284801340655967 0.58750000000000013 -0.00028616725983188202 0.0007655856399051839 0.9208333333333335 0.30416666666666675 -0.00047050587426378238 0.50000000000000011 0.97083333333333344 9.1526926380591802e-05 0.21250000000000005 0.00012171355831303023 0.60084033613445387 0.72221968349623611
decision_type=2 2 2 2 2 2 2 2 2 2 2 2 2 2
left_child=3 7 -3 8 5 6 -5 11 13 -9 -10 -2 -4 -1
right_child=1 2 12 4 -6 -7 -8 9 10 -11 -12 -13 -14 -15
leaf_value=-0.016996844212601749 0.068001078271416035 -0.02044761278363905 0.023614515457844685 -0.046488459929317862 0.049800109352764882 -0.04514403973290694 0.014590277127940386 -0.055477610602382023 0.060450613437257453 0.0072944483098726746 -0.022993333278338621 -0.01347068702412465 0.073042307521342262 -0.03051428719338492
leaf_weight=73.532662995159626 2.5593004748225239 4.2190525755286243 6.6019169688224775 8.7336962446570343 5.8875200003385535 11.224737651646135 24.121239438652996 8.4349766522645933 3.1801765635609618 4.2631831765174857 2.9299404919147491 3.659080795943737 6.9222613349556923 112.79392212629318
leaf_count=495 32 38 63 50 61 66 219 49 31 35 21 29 78 708
internal_value=-0.0163807 0.00717788 0.0324208 -0.0199435 -0.00535574 -0.0127227 -0.00164604 -0.0164993 -0.0237313 -0.034403 0.0204373 0.0200607 0.0489138 -0.0251797
internal_weight=279.064 36.6598 17.7432 242.404 49.9672 44.0797 32.8549 18.9165 192.437 12.6982 6.11012 6.21838 13.5242 186.327
internal_count=1975 324 179 1651 396 335 269 145 1255 84 52 61 141 1203
is_linear=0
shrinkage=0.05


Tree=19
num_leaves=15
num_cat=0
split_feature=18 9 18 11 0 0 8 2 7 2 2 8 10 0
split_gain=28.0095 6.63116 6.57966 5.20355 4.86481 5.47696 5.23237 4.74183 4.70957 4.05163 4.63675 5.60662 4.48152 7.13423
threshold=0.72870177381972878 8.3459176752502813e-05 0.23806539738733057 1.3397833582211074 0.00090275679783935209 0.00085822071096484356 6.2069767328058195e-05 0.00031801844445206986 0.00035072781591771745 1.0000000180025095e-35 0.00019461716700470806 4.7266786784054965e-05 4.3409550695141083e-05 0.00073356223290313406
decision_type=2 2 2 2 2 2 2 2 2 2 2 2 2 2
left_child=2 4 -1 -4 5 8 -6 -8 9 -2 -11 12 -12 -14
right_child=1 -3 3 -5 6 -7 7 -9 -10 10 11 -13 13 -15
leaf_value=-0.047083994350416616 0.012736399750379962 0.023667327542282932 -0.026697656059343544 0.028761096494952339 0.022027252579873605 -0.057266483953629779 0.036440709152100396 -0.034659947169325266 0.05453727997960877 -0.043926853066059542 -0.014043445819112843 -0.043319084299761626 0.044785046013429697 -0.038054219534084291
leaf_weight=46.860897861421108 14.536551542580126 24.147656336426735 83.508054010570049 4.4552565217018119 26.509750492870808 6.1888689175248137 3.1141033768653861 9.4945415630936605 2.8657610714435569 12.368062965571879 21.854834847152233 9.5463121160864812 9.7733433991670591 3.5406155809760085
leaf_count=239 124 251 507 34 254 36 35 70 29 76 152 59 87 22
internal_value=-0.0155746 -0.00023561 -0.0319507 -0.0238887 -0.00505393 -0.0120703 0.00941595 -0.0170994 -0.00831499 -0.0108299 -0.0168312 -0.00933668 -0.000112398 0.0227554
internal_weight=278.765 143.94 134.824 87.9633 119.793 80.6744 39.1184 12.6086 74.4855 71.6197 57.0832 44.7151 35.1688 13.314
internal_count=1975 1195 780 541 944 585 359 105 549 520 396 320 261 109
is_linear=0
shrinkage=0.05


Tree=20
num_leaves=15
num_cat=0
split_feature=19 3 2 3 5 5 16 7 3 16 14 5 3 16
split_gain=10.6474 5.92895 5.8017 5.55577 5.45155 5.30536 6.71393 5.055 4.94848 4.51154 5.77394 5.178 5.40165 5.67641
threshold=0.00036137151932397719 0.00076950843504576419 0.0010176584457459875 0.0010561541259173103 0.2399578404186565 0.99719156257389274 0.24583333333333338 -1.4655704916322063e-07 0.00025605514390013951 0.61250000000000016 -0.85316921651534849 0.12102782081928766 0.0007950707055528549 0.45416666666666672
decision_type=2 2 2 2 2 2 2 2 2 2 2 2 2 2
left_child=1 2 5 9 -5 -1 -7 -6 -8 11 -11 12 13 -2
right_child=3 -3 -4 4 7 6 8 -9 -10 10 -12 -13 -14 -15
leaf_value=-0.02097092441816828 0.011610108634613285 0.011152958245784952 0.013079017388458772 0.051946149210391007 -0.058772729697126935 -0.042921294404532545 0.0077112244929017516 0.025669489922691132 0.085612174852260442 -0.059319644414846245 -0.00087639351148747048 -0.052552041500969253 -0.082080293130086829 -0.064715778417015341
leaf_weight=108.79574717581272 10.578948572278025 32.678261451423168 19.795187026262283 3.836117781698702 4.0526666939258575 6.3012887462973621 21.110307931900028 3.1497914865612984 2.2564763799309722 5.6284681037068394 16.962178237736225 36.769597038626671 2.8069523498415938 3.1646737605333319
leaf_count=708 79 303 188 38 20 33 186 27 22 28 122 190 15 16
internal_value=-0.0148412 -0.00823662 -0.0122403 -0.0293447 0.00379929 -0.01586 0.00288218 -0.0218443 0.0152339 -0.0341643 -0.0154376 -0.0420984 -0.0188741 -0.00596506
internal_weight=277.887 190.937 158.259 86.9494 11.0386 138.464 29.6681 7.20246 23.3668 75.9108 22.5906 53.3202 16.5506 13.7436
internal_count=1975 1440 1137 535 85 949 241 47 208 450 150 300 110 95
is_linear=0
shrinkage=0.05


Tree=21
num_leaves=15
num_cat=0
split_feature=18 19 18 0 13 0 13 15 5 3 14 14 19 14
split_gain=24.5619 7.45019 6.99912 5.22568 5.1832 4.89827 4.85373 6.66946 8.70423 6.20181 4.1688 5.4853 3.97578 3.9718
threshold=0.53587397785260038 0.00021260901776943149 0.9997488867154728 0.0013558216243075437 6.0756179828082024e-05 0.0025416968409250683 1.2327191234929905e-05 0.63445378151260512 0.36361832556722529 0.00012339962679261751 2.1794494717698032 0.80687580975479845 0.00015066343875230168 -2.179449471770035
decision_type=2 2 2 2 2 2 2 2 2 2 2 2 2 2
left_child=12 3 5 4 6 -3 -2 8 -8 10 11 -10 13 -1
right_child=1 2 -4 -5 -6 -7 7 -9 9 -11 -12 -13 -14 -15
leaf_value=-0.057607609259678644 0.0055435458662441168 -0.028508447408726923 0.0071170937008675694 0.034128142517636781 0.039534428101569659 0.030118662798658172 -0.050854796380872369 -0.060880612197639683 0.039182282237263548 0.082427346132396218 0.05175375055563293 -0.051269384186868966 -0.04602574680438181 -0.018244640869194764
leaf_weight=7.7430253624916068 55.887034893035889 53.730986930429935 24.881441056728363 13.470029108226298 7.8752045333385459 3.8157701268792144 6.8600757345557275 7.3527510091662398 2.5768222212791425 2.953012451529502 2.828028991818428 4.7952863350510597 45.262099847197533 37.180229932069778
leaf_count=38 459 316 206 172 82 35 41 45 23 28 30 35 232 233
internal_value=-0.0141342 -0.00379914 -0.0150407 0.00505972 0.000763 -0.024621 -0.00290453 -0.0201573 -0.00519573 0.0186179 0.000144655 -0.0196532 -0.035567 -0.0250293
internal_weight=277.212 187.026 82.4282 104.598 91.1282 57.5468 83.253 27.366 20.0132 13.1531 10.2001 7.37211 90.1854 44.9233
internal_count=1975 1472 557 915 743 351 661 202 157 116 88 58 503 271
is_linear=0
shrinkage=0.05


Tree=22
num_leaves=15
num_cat=0
split_feature=18 19 18 0 2 7 5 19 6 2 3 19 13 13
split_gain=22.3947 6.82281 7.8342 6.74338 5.87721 4.57098 3.98109 3.72139 3.51506 3.23222 3.19722 3.80922 3.96638 3.05122
threshold=0.53587397785260038 0.00029872695381865668 0.88267881439845952 0.0013558216243075437 0.00082286629054183658 0.00035072781591771745 1.217162740257214 0.00015066343875230168 -0.00049053652456287889 0.0006005270069788666 0.00021165256741480977 0.00042278905337695598 1.5402781833929194e-05 1.0994064963417954e-05
decision_type=2 2 2 2 2 2 2 2 2 2 2 2 2 2
left_child=7 3 10 5 6 13 -4 8 -1 -10 -3 12 -12 -2
right_child=1 2 4 -5 -6 -7 -8 -9 9 -11 11 -13 -14 -15
leaf_value=-0.047138430938534343 0.0031910953870421602 -0.072811218691576626 -0.014450903374907845 0.035047644303651093 0.046694354412415047 0.042034973233188819 0.051033156412998083 -0.044230977191924183 -0.021943454091941275 0.022249834311625652 0.028094906233730461 -0.038627068670009063 -0.042736824823256692 -0.015241607107937047
leaf_weight=11.896653905510901 62.165490038692951 4.4375578984618178 26.172411262989048 14.949073091149328 5.7603991776704779 5.8515681177377692 2.5468286722898474 44.756755024194717 28.051145829260349 4.8532336875796309 5.2058122381567973 21.08500262349844 3.1860059201717377 35.142663061618805
leaf_count=63 499 20 180 189 60 67 28 232 172 36 38 117 17 257
internal_value=-0.0134828 -0.0036143 -0.0161816 0.00366311 0.000601394 -0.000884882 -0.00864376 -0.0340337 -0.0238464 -0.0154252 -0.0332443 -0.0272877 0.0012032 -0.00346584
internal_weight=276.061 186.503 68.394 118.109 34.4796 103.16 28.7192 89.5578 44.801 32.9044 33.9144 29.4768 8.39182 97.3082
internal_count=1975 1472 460 1012 268 823 208 503 271 208 192 172 55 756
is_linear=0
shrinkage=0.05


Tree=23
num_leaves=15
num_cat=0
split_feature=19 1 3 5 17 3 13 1 14 9 16 16 14 5
split_gain=8.30288 9.68657 4.8583 4.73246 4.25537 6.39607 5.47939 4.79514 5.13183 5.45366 4.25663 4.01513 5.03016 4.24572
threshold=0.00036137151932397719 0.0013537101315660254 0.0010561541259173103 0.2399578404186565 0.77916666666666679 0.00040045071388267677 -4.8182648383764126e-05 0.00045003639730874131 -0.41931569227010485 9.2712147111891695e-06 0.17083333333333336 0.61250000000000016 -0.85316921651534849 0.12102782081928766
decision_type=2 2 2 2 2 2 2 2 2 2 2 2 2 2
left_child=1 4 11 -4 6 -6 -1 -8 -9 -10 -7 13 -13 -2
right_child=2 -3 3 -5 5 10 7 8 9 -11 -12 12 -14 -15
leaf_value=-0.034603329818325937 -0.016897404847423688 0.024447607426571656 0.050862683824352266 -0.018565979828928582 -0.033308525995161598 0.048384705809098975 -0.034608447667736505 0.014479588776967643 0.054959036881004425 -0.014396581556762279 -0.004946901817594271 -0.054382999821301806 0.00090300199148757125 -0.047580500484659193
leaf_weight=26.778312414884567 16.448207691311836 21.646287553012371 3.7533787265419942 7.0921234972774982 6.2145290449261692 9.2117152512073499 16.483578696846962 24.373636804521084 2.9451088458299628 75.417908228933811 6.3003859221935263 5.442523896694186 16.857950113713741 35.842554673552513
leaf_count=168 110 244 38 47 38 89 101 192 30 533 45 28 122 190
internal_value=-0.0128678 -0.00703024 -0.025807 0.00546168 -0.0110927 0.00955242 -0.014165 -0.0095743 -0.0055577 -0.01179 0.0267236 -0.0303534 -0.0125898 -0.037929
internal_weight=274.808 189.371 85.4367 10.8455 167.725 21.7266 145.999 119.22 102.737 78.363 15.5121 74.5912 22.3005 52.2908
internal_count=1975 1440 535 85 1196 172 1024 856 755 563 134 450 150 300
is_linear=0
shrinkage=0.05


Tree=24
num_leaves=15
num_cat=0
split_feature=18 1 18 18 19 19 1 7 13 16 14 15 15 1
split_gain=19.7046 5.48196 5.56514 5.17534 5.05731 5.00916 5.66118 7.82525 8.15309 9.02766 4.57105 4.00275 6.38824 6.05848
threshold=0.70980181474195192 0.0027174241508707291 1.1283242423188542 0.23806539738733057 0.000180542133932603 0.00041790810974342169 0.00092716863603648934 -0.00028616725983188202 1.280884507554987e-05 0.91250000000000009 1.1000894368107816 0.54201680672268915 0.2521008403361345 0.00061440342177886988
decision_type=2 2 2 2 2 2 2 2 2 2 2 2 2 2
left_child=3 2 5 -1 -5 6 -2 -8 -9 10 -10 12 13 -4
right_child=1 -3 11 4 -6 -7 7 8 9 -11 -12 -13 -14 -15
leaf_value=-0.040427315063383318 -0.009245261677556264 0.06410484122668933 -0.0071496462890950144 -0.006409425312861157 -0.031411366820252466 -0.023718552615298656 -0.047543308851007493 0.054972509481420434 -0.007468785424181671 0.067028980512378475 -0.094890616926304142 0.044756830742799632 -0.059149350635247455 0.049268320605171632
leaf_weight=44.88563434779644 55.148047395050526 3.2714599259197703 11.316610120236879 39.351150579750538 41.616670623421669 30.914346188306808 3.8103776350617435 13.394078060984613 4.2398503050208074 2.9508672505617142 2.3098800480365753 9.2622526288032514 3.2486415132880202 8.2111719883978349
leaf_count=239 396 44 98 274 230 198 34 158 39 37 14 96 22 96
internal_value=-0.0122634 9.95353e-05 -0.00134647 -0.0268094 -0.0192602 -0.00657116 -9.49122e-05 0.0188013 0.0298431 -0.00558479 -0.0382997 0.017043 0.00577289 0.0165734
internal_weight=273.931 148.078 144.806 125.853 80.9678 112.767 81.8531 26.7051 22.8947 9.5006 6.54973 32.0387 22.7764 19.5278
internal_count=1975 1232 1188 743 504 876 678 282 248 90 53 312 216 194
is_linear=0
shrinkage=0.05


Tree=25
num_leaves=15
num_cat=0
split_feature=19 0 3 5 7 17 6 2 17 10 17 3 16 5
split_gain=7.09345 8.3753 4.2739 4.15541 4.40908 3.77318 4.96379 5.43629 5.2607 5.12768 4.69092 3.7393 3.59851 3.89298
threshold=0.00036137151932397719 0.0013558216243075437 0.0010561541259173103 0.2399578404186565 -1.4655704916322063e-07 0.73750000000000016 -8.8971029493511975e-05 0.00087563974856494668 0.45416666666666672 5.9839961641270778e-05 0.037500000000000006 6.1743902788126978e-05 0.61250000000000016 0.12102782081928766
decision_type=2 2 2 2 2 2 2 2 2 2 2 2 2 2
left_child=1 5 12 -4 -5 6 8 -8 10 -10 11 -1 13 -2
right_child=2 -3 3 4 -6 -7 7 -9 9 -11 -12 -13 -14 -15
leaf_value=-0.031285670420072485 -0.015159827300734533 0.023297170188276803 0.049091645538465248 -0.051715605905918831 0.027896198814449154 0.0078732353706965595 -0.010080794598544092 0.03387960136694336 -0.03390779768685806 0.026345380537678671 -0.061546836031293961 0.028296265761194844 -0.011154818652259547 -0.044641891926385971
leaf_weight=18.848573319613937 16.422347098588943 21.207271952182055 3.6495407298207265 3.9458529427647591 3.1097615994513035 24.947861276566982 85.877870935946703 7.6599328368902198 6.4062164798378927 7.8674916476011276 12.298401072621344 3.0609413236379615 22.113441795110703 35.191287405788898
leaf_count=113 110 244 38 20 27 195 606 78 44 76 62 22 150 190
internal_value=-0.0117035 -0.00630088 -0.0237443 0.00577762 -0.0166267 -0.0100603 -0.0132106 -0.00648082 -0.0261945 -0.00069699 -0.0368337 -0.0229616 -0.0280309 -0.0352613
internal_weight=272.607 188.175 84.4322 10.7052 7.05561 166.967 142.019 93.5378 48.4816 14.2737 34.2079 21.9095 73.7271 51.6136
internal_count=1975 1440 535 85 47 1196 1001 684 317 120 197 135 450 300
is_linear=0
shrinkage=0.05


Tree=26
num_leaves=15
num_cat=0
split_feature=18 18 19 2 18 3 15 15 18 12 2 3 3 10
split_gain=17.4264 5.73724 5.67881 3.83851 3.73163 4.73919 3.72688 5.53243 3.67241 3.73288 5.18934 3.5755 7.12074 3.14875
threshold=0.53587397785260038 1.1283242423188542 0.00030114474114464282 0.0015124530507354629 1.0642942251607905 0.0014856142768439719 0.54201680672268915 0.2521008403361345 0.86551827128614667 40.000000001455199 0.00062225961271881742 0.00061518775189676913 0.00050630344694015995 4.8522640500167661e-05
decision_type=2 2 2 2 2 2 2 2 2 2 2 2 2 2
left_child=-1 2 4 8 5 -2 7 11 -4 -10 -11 12 13 -3
right_child=1 6 3 -5 -6 -7 -8 -9 9 10 -12 -13 -14 -15
leaf_value=-0.029600935549005197 0.00036163366708033226 -0.016812693935079753 -0.03372218757165938 0.036783506161686325 -0.053052748729024005 0.051881621182880505 0.043692011173926501 -0.053727726397573762 -0.026962910800156156 -0.010442173167721842 0.056129116297119322 0.055663628100136614 -0.066845230252554844 0.03815963977137065
leaf_weight=87.039483331143856 85.44569569081068 3.774876683950434 29.39166284352541 2.9758519530296317 3.0643611922860137 4.709711365401744 9.1848473288118822 3.3166488260030738 13.409794434905054 9.4667813926935178 4.2378220483660689 4.4210869595408431 2.8362709209322921 8.4044813103973848
leaf_count=503 685 29 165 29 21 68 97 22 85 62 42 54 19 94
internal_value=-0.0111571 -0.0024627 -0.00649351 -0.0185644 0.0012087 0.00305303 0.0168092 0.00595748 -0.0214792 -0.00820802 0.0101434 0.0161421 0.00450564 0.0211215
internal_weight=271.679 184.64 152.702 59.4819 93.2198 90.1554 31.9382 22.7534 56.5061 27.1144 13.7046 19.4367 15.0156 12.1794
internal_count=1975 1472 1157 383 774 753 315 218 354 189 104 196 142 123
is_linear=0
shrinkage=0.05


Tree=27
num_leaves=15
num_cat=0
split_feature=18 18 19 0 16 5 0 15 15 0 14 19 14 19
split_gain=15.8569 5.22395 5.14799 5.60655 4.31857 4.259 3.54902 3.45225 4.96695 5.06818 3.39223 3.19616 3.43339 3.11638
threshold=0.53587397785260038 1.1283242423188542 0.00030114474114464282 0.0013558216243075437 0.61250000000000016 0.098951929740482475 0.00084045373066344675 0.54201680672268915 0.2521008403361345 0.00061478091335449099 -2.1794494717683039 0.00015066343875230168 -2.179449471770035 0.00065116953178870373
decision_type=2 2 2 2 2 2 2 2 2 2 2 2 2 2
left_child=11 2 3 -2 5 -4 -7 8 9 10 -3 12 -1 -6
right_child=1 7 4 -5 13 6 -8 -9 -10 -11 -12 -13 -14 -15
leaf_value=-0.050375431205097222 -0.0036908371329713949 -0.034432879583977775 -0.0044830173754444088 0.032233634739018358 0.015057033154124738 -0.064875800519481594 -0.025796594375574661 0.042317639642733516 -0.050382334202679971 0.046447555394013684 0.020187113207180672 -0.038065758969423394 -0.012648798282532901 -0.026180500607490921
leaf_weight=7.2150771766901007 80.558984637260437 5.4175783991813713 13.281344853341578 12.55297142267227 13.400223854929211 8.9017926678061503 16.725807785987854 9.0134017355740053 3.3588891550898543 7.8433891832828513 5.9808103442192113 42.554294742643833 36.738167941570282 6.9616107307374469
leaf_count=38 605 39 96 169 97 42 101 97 22 98 59 232 233 47
internal_value=-0.0106432 -0.00234253 -0.00617992 0.00115235 -0.0176986 -0.0274621 -0.0393708 0.0161541 0.00571974 0.0155131 -0.00577341 -0.0282983 -0.0188418 0.000958124
internal_weight=270.504 183.997 152.383 93.112 59.2708 38.9089 25.6276 31.6141 22.6007 19.2418 11.3984 86.5075 43.9532 20.3618
internal_count=1975 1472 1157 774 383 239 143 315 218 196 98 503 271 144
is_linear=0
shrinkage=0.05


Tree=28
num_leaves=15
num_cat=0
split_feature=18 0 18 18 19 19 7 0 19 6 6 0 4 2
split_gain=14.4748 4.77538 4.56283 4.1537 4.13945 5.56759 4.03632 5.65563 5.7762 3.4455 3.44841 3.23354 4.0455 5.35688
threshold=0.70980181474195192 0.0027226520266027663 0.23806539738733057 1.1283242423188542 1.4972772032515214e-07 1.0000000180025095e-35 -0.00030207417296917999 0.00092802827775229351 0.00065116953178870373 -0.00022886440547575934 -0.0004625487965054797 0.00086399860736027768 -0.99952272792739827 0.00019461716700470806
decision_type=2 2 2 2 2 2 2 2 2 2 2 2 2 2
left_child=2 3 -1 6 5 -4 9 11 -9 10 -2 12 -8 -14
right_child=1 -3 4 -5 -6 -7 7 8 -10 -11 -12 -13 13 -15
leaf_value=-0.035896135535686775 -0.047787073698912545 0.062570087760786083 -0.0072478945745206858 0.01530238490037898 -0.023925232475619732 0.069613771667303523 0.025698880073417571 0.023831264538792404 -0.019911651583219763 -0.088055654569627995 0.032249951131464068 -0.042375110462346065 -0.043600162509555868 -0.0041171602976570205
leaf_weight=43.24215842038393 3.5795733146369457 3.0303020998835555 24.526175640523437 31.131558626890182 52.392822220921516 2.6064511239528647 7.8486540764570227 28.8058409281075 10.225979886949061 2.4975963681936246 2.1565899588167667 7.5921412482857695 11.062393359839914 38.449993409216404
leaf_count=239 28 44 171 312 310 23 68 298 69 13 21 45 65 269
internal_value=-0.0101627 0.0004562 -0.0228241 -0.000856834 -0.0157161 0.000135695 -0.0053397 -0.00267134 0.012371 -0.0390387 -0.017696 -0.0117106 -0.00765198 -0.0129387
internal_weight=269.148 146.381 122.768 143.35 79.5254 27.1326 112.219 103.985 39.0318 8.23376 5.73616 64.9532 57.361 49.5124
internal_count=1975 1232 743 1188 504 194 876 814 367 62 49 447 402 334
is_linear=0
shrinkage=0.05


Tree=29
num_leaves=15
num_cat=0
split_feature=18 19 18 1 14 1 19 1 1 11 2 14 12 18
split_gain=13.347 6.95884 6.57054 5.16918 6.77572 4.3781 4.64026 4.06837 4.22252 4.03494 6.5866 3.62044 3.68172 3.45514
threshold=0.88267881439845952 0.00052669374008711687 0.23806539738733057 0.00061440342177886988 0.76376261598474782 0.00075992157885015356 0.00030114474114464282 0.00058250872213739114 0.0004842036516117215 0.96858266340651045 0.00046327913414773403 -0.44412427696982787 56.989150090397793 1.4962005598870827
decision_type=2 2 2 2 2 2 2 2 2 2 2 2 2 2
left_child=1 2 -1 4 11 6 9 8 -6 -4 -11 -2 -13 -5
right_child=3 -3 5 13 7 -7 -8 -9 -10 10 -12 12 -14 -15
leaf_value=-0.031271732960198133 -0.0089339501912580124 -0.039019358269506324 -0.018038773393704629 0.0096425233626421403 0.0039594847655115874 0.0045840527376186397 -0.045682288528023696 -0.038415635409319401 0.071152532101734556 0.04761527295543963 -0.035280364262849168 -0.077477438130456974 -0.017716740763641325 0.04875561046833881
leaf_weight=36.98268661648035 15.571080595254896 32.672523334622383 30.499487958848476 56.207636523991823 4.8531100079417211 46.520545549690723 10.814726270735262 2.2596874982118598 4.5117251053452492 6.7036575227975828 3.7293830215930939 5.075413756072523 5.2361671105027199 6.2767918519675723
leaf_count=209 117 181 192 516 42 374 57 19 50 53 22 26 35 82
internal_value=-0.00969854 -0.0183103 -0.0133075 0.00476372 -0.00990957 -0.0065468 -0.0165534 0.0218013 0.0363313 -0.00885728 0.0179835 -0.0241517 -0.0471313 0.0135716
internal_weight=267.915 167.923 135.25 99.9916 37.5072 98.2678 51.7473 11.6245 9.36484 40.9325 10.433 25.8827 10.3116 62.4844
internal_count=1975 1088 907 887 289 698 324 111 92 267 75 178 61 598
is_linear=0
shrinkage=0.05


Tree=30
num_leaves=15
num_cat=0
split_feature=18 0 19 18 13 11 8 19 6 2 15 13 11 8
split_gain=12.3256 4.34765 4.6602 4.92391 3.89582 3.11254 2.95105 2.84101 2.88372 2.9322 4.54959 3.85787 2.91959 2.78564
threshold=0.53587397785260038 0.0028980893808396107 0.00021260901776943149 0.9997488867154728 8.4103058090502763e-05 1.1846252520405736 8.3950362496979734e-05 0.00015066343875230168 -0.00049053652456287889 0.00042145993699975183 0.6428571428571429 1.4699480989679139e-05 0.9621341691346238 0.0001933116279810835
decision_type=2 2 2 2 2 2 2 2 2 2 2 2 2 2
left_child=7 2 4 5 -2 -4 -5 8 -1 11 12 -10 -11 -8
right_child=1 -3 3 6 -6 -7 13 -9 9 10 -12 -13 -14 -15
leaf_value=-0.038166707258131531 0.0017564172271085938 0.05315388131658965 -0.016038468190945794 -0.0036819908827360735 0.045749623940281703 -0.052208137563337545 0.057807051879072341 -0.03446947858109066 -0.057361037610142974 0.071795688060497131 -0.037914535691726106 -0.0074209873666050315 0.0025858641930099854 -0.016407456794335602
leaf_weight=11.049246072769163 95.489256147295237 3.5117664746940127 47.023692704737186 17.906366560608152 5.312274780124425 6.8092191591858855 4.3889493234455577 41.094232633709908 4.8855426535010364 3.2981916069984418 2.716252513229847 18.551711864769459 2.83238784968853 1.7760799601674078
leaf_count=63 827 48 291 130 70 36 52 232 24 28 15 122 19 18
internal_value=-0.00925805 -0.00194068 -0.00302335 -0.0122079 0.00407487 -0.0206135 0.0065904 -0.0250509 -0.016119 -0.00857318 0.0159531 -0.0178311 0.0398201 0.0364266
internal_weight=266.645 182.218 178.706 77.9043 100.802 53.8329 24.0714 84.4276 43.3333 32.2841 8.84683 23.4373 6.13058 6.16503
internal_count=1975 1472 1424 527 897 327 200 503 271 208 62 146 47 70
is_linear=0
shrinkage=0.05


Tree=31
num_leaves=15
num_cat=0
split_feature=18 0 18 5 8 7 12 12 9 9 15 4 15 0
split_gain=11.2842 4.25754 3.80681 3.36805 2.88819 3.69768 3.07326 8.30129 3.1363 4.77959 4.3838 2.89738 3.81922 2.82868
threshold=0.70980181474195192 0.0027226520266027663 0.11305091347160211 1.7068686380049385 2.7961266203196397e-05 -1.4922622493251933e-07 0.21215998892585478 6.2886437274883571 5.5602426163401938e-05 4.9606868074944743e-05 0.66806722689075648 0.09430064753908364 0.54201680672268915 0.00074892653061231485
decision_type=2 2 2 2 2 2 2 2 2 2 2 2 2 2
left_child=2 3 -1 -2 5 -4 -6 -8 9 10 11 12 -9 -10
right_child=1 -3 4 -5 6 -7 7 8 13 -11 -12 -13 -14 -15
leaf_value=-0.035775200988139223 -0.0018599191117288274 0.06133443637616242 0.002451089594764868 0.04855414753731005 -0.031934959403175991 -0.04721729145159631 0.073310468879166896 -0.0094129535251611489 -0.049679420385128077 0.063806709582140186 -0.056272869069036863 -0.025246339550410141 0.057749020758578018 -0.012444312109205597
leaf_weight=29.470591403543949 138.94850644096732 2.8245970383286467 5.2684388235211399 3.3938680477440348 13.71721939742565 12.977761857211588 3.1501029059290877 4.0677882358431834 6.1211422607302657 3.0424931496381751 3.2622479125857344 4.1996751353144637 4.4132589250802994 30.591956213116646
leaf_count=167 1142 44 35 46 80 69 27 26 32 25 17 25 36 204
internal_value=-0.00883555 0.000548323 -0.0201608 -0.000657897 -0.0150935 -0.032876 -0.0106223 -0.00565441 -0.0101204 0.00637859 -0.00458076 0.00871757 0.0255359 -0.0186525
internal_weight=265.45 145.167 120.283 142.342 90.8121 18.2462 72.5659 58.8487 55.6986 18.9855 15.943 12.6807 8.48105 36.7131
internal_count=1975 1232 743 1188 576 104 472 392 365 129 104 87 62 236
is_linear=0
shrinkage=0.05


Tree=32
num_leaves=15
num_cat=0
split_feature=18 19 18 1 14 11 1 19 1 1 11 19 6 12
split_gain=10.497 6.38244 5.36482 4.72944 5.86007 4.0667 3.96085 3.87199 3.73733 4.03785 3.32501 7.2744 3.30168 3.58241
threshold=0.88267881439845952 0.00052669374008711687 0.23806539738733057 0.00061440342177886988 0.76376261598474782 1.5284130268227869 0.0007631711515004503 0.00030114474114464282 0.00058250872213739114 0.0004842036516117215 0.72221968349623611 0.00024998382364051311 0.0002960897558502707 86.267012016616974
decision_type=2 2 2 2 2 2 2 2 2 2 2 2 2 2
left_child=1 2 -1 4 -2 6 7 12 9 -6 11 -8 13 -4
right_child=3 -3 5 -5 8 -7 10 -9 -10 -11 -12 -13 -14 -15
leaf_value=-0.027876055266115335 -0.022736891525751347 -0.03624728828647894 -0.0019128780087244506 0.01291009273511801 0.0029919355278250066 0.055903250075237679 0.0034117447591660642 -0.043844480986089056 -0.037144484759143774 0.069591196532743954 -0.0080538533954290573 0.077991995302950215 0.041567973566260269 -0.034328212891076244
leaf_weight=35.86790020018816 25.964974835515022 31.85835425555706 23.694996051490307 61.895889695733786 4.8036505728960019 2.6437925659120074 15.18162612617016 10.350430972874163 2.2700266055762759 4.3250170610845089 25.332174710929394 4.166976571083068 2.9296172037720671 13.311919108033178
leaf_count=209 178 181 158 598 42 23 136 56 19 50 188 36 23 78
internal_value=-0.00842279 -0.0161391 -0.0113398 0.00443036 -0.009617 -0.00526341 -0.00696622 -0.0165914 0.0202687 0.0345456 0.00386665 0.0194736 -0.00952816 -0.0135731
internal_weight=264.597 165.338 133.479 99.2596 37.3637 97.6115 94.9677 50.287 11.3987 9.12867 44.6808 19.3486 39.9365 37.0069
internal_count=1975 1088 907 887 289 698 675 315 111 92 360 172 259 236
is_linear=0
shrinkage=0.05


Tree=33
num_leaves=15
num_cat=0
split_feature=19 0 17 12 14 14 13 0 14 12 14 17 10 10
split_gain=4.51527 5.87504 3.09313 3.95224 5.20317 3.73328 3.56373 3.6223 4.75671 4.81148 4.21327 3.1391 4.64253 4.80714
threshold=0.00036137151932397719 0.0013558216243075437 0.74583333333333346 91.298680962397938 -0.23294982672093534 -0.83361981866235724 -4.8182648383764126e-05 0.0004501314211605789 -0.41931569227010485 0.36008530573868575 -0.3950910774482646 0.020833333333333339 4.3409550695141083e-05 6.0280408420479639e-05
decision_type=2 2 2 2 2 2 2 2 2 2 2 2 2 2
left_child=1 2 6 4 5 -4 -1 -8 9 -9 -10 12 -12 -14
right_child=-2 -3 3 -5 -6 -7 7 8 10 -11 11 -13 13 -15
leaf_value=-0.026917629602297669 -0.01793728691267673 0.021706156089918036 0.045595424279692959 -0.025624868350741042 0.062022149580541724 -0.013667165933997442 -0.028122597503997173 0.0016194197630493652 -0.08138440070899107 0.049868344202721321 -0.021521563331316142 -0.013748701627266845 0.055860302792092788 -0.0015321641356083168
leaf_weight=24.802672289311886 80.144274238497019 20.228577420115471 3.7627601623535201 5.9937117323279372 5.4626457914710054 9.0469765812158567 15.925220955163239 16.128799475729469 1.9382892921566952 7.6026728600263587 8.1757789999246615 49.590568587183952 6.9000302515923959 7.7425511106848717
leaf_count=167 535 244 39 37 50 66 100 126 10 64 57 330 70 80
internal_value=-0.00803779 -0.00370946 -0.00686218 0.00960744 0.0211644 0.00374076 -0.00974139 -0.00600453 -0.00241318 0.0170766 -0.00863426 -0.00668683 0.00866054 0.0255129
internal_weight=263.446 183.301 163.073 24.2661 18.2724 12.8097 138.807 114.004 98.0787 23.7315 74.3472 72.4089 22.8184 14.6426
internal_count=1975 1440 1196 192 155 105 1004 837 737 190 547 537 207 150
is_linear=0
shrinkage=0.05


Tree=34
num_leaves=15
num_cat=0
split_feature=18 19 10 18 13 13 7 9 7 12 19 12 13 4
split_gain=9.41361 5.66423 4.77094 4.69579 3.88664 3.76494 3.22816 4.7409 5.56885 4.5035 3.07173 2.96064 2.95393 4.36069
threshold=0.88267881439845952 0.00052669374008711687 0.00010151178607805082 0.23806539738733057 -0.00017505360873357398 -0.00010502178279448502 -0.00021549871675086149 4.2355388440673551e-05 -4.8116470809378411e-06 0.27790649764122582 0.00030114474114464282 29.556652728063622 -3.3688242705352879e-05 -0.2680475463414142
decision_type=2 2 2 2 2 2 2 2 2 2 2 2 2 2
left_child=1 3 -2 -1 -4 -5 -7 8 9 -8 -10 -11 -9 -14
right_child=2 -3 4 5 -6 6 7 12 10 11 -12 -13 13 -15
leaf_value=-0.026125095809362116 0.00034615996208322316 -0.034135692746816909 -0.028617681185500274 0.047644604776748568 0.045949596194524968 -0.029516395900480552 -0.019789877034761233 0.048292940905104755 -0.019322244104926389 0.07179056043304477 -0.06443191008590364 -0.0004467560767169643 0.0221537299683628 -0.013011393496017265
leaf_weight=35.246424742043018 86.484118022024632 31.321706049144268 2.1009219698607913 3.3032224290072909 10.388110682368277 13.271777030080555 4.9360144510865194 4.3522049561142913 25.56660890206695 3.7665524035692215 4.4273580536246291 2.2752137631177902 17.693970698863264 17.57043240964413
leaf_count=209 720 181 23 30 144 89 34 39 165 33 22 15 150 121
internal_value=-0.00765585 -0.0150146 0.00451782 -0.0104915 0.0334058 -0.0048204 -0.0066668 -0.00290379 -0.0148289 0.015641 -0.0259808 0.0445874 0.00942919 0.00463276
internal_weight=262.705 163.731 98.9732 132.41 12.489 97.1634 93.8601 80.5884 40.9717 10.9778 29.994 6.04177 39.6166 35.2644
internal_count=1975 1088 887 907 167 698 668 579 269 82 187 48 310 271
is_linear=0
shrinkage=0.05


Tree=35
num_leaves=15
num_cat=0
split_feature=3 17 7 11 11 15 6 17 0 4 6 7 13 13
split_gain=3.90811 4.95465 5.53061 3.35664 3.60079 3.31225 3.12493 5.01294 5.35345 5.14757 5.19153 4.1456 3.74358 4.03402
threshold=0.00095284801340655967 0.58750000000000013 -0.00028616725983188202 0.57303823429528034 0.44929431771953876 0.60084033613445387 -0.00049877856287383604 0.30416666666666675 0.0011580216605739742 0.15645615664028517 -0.00012821786245093 0.00034302811866204769 -1.4243817083761816e-05 0.00012412170944704962
decision_type=2 2 2 2 2 2 2 2 2 2 2 2 2 2
left_child=6 3 -3 4 -2 -4 -1 8 11 10 -9 -8 -12 -14
right_child=1 2 5 -5 -6 -7 7 9 -10 -11 12 -13 13 -15
leaf_value=-0.025637497103341556 0.00011856235729672031 -0.022458876657210459 0.019134511516328979 0.0084603332052711182 -0.070675700953679907 0.071480871441481464 -0.0076383497812217323 0.01534753392855589 0.028712771903527619 -0.030764374957409364 -0.055940092299743949 0.034527480186977037 -0.007044219582843291 -0.062230810116556456
leaf_weight=26.960546851158142 3.5191730633378056 3.9793503619730499 5.9999776408076269 10.354000408202408 3.6685073301196098 6.0885662548243999 71.129001963883638 18.782227303832769 14.71735070645809 34.424142297357321 5.0873738676309577 6.349511917680501 46.914350658655167 3.5628734603524199
leaf_count=189 34 38 63 90 21 78 504 149 164 211 30 76 310 18
internal_value=-0.0073063 0.00861041 0.028669 -0.00976296 -0.036014 0.0454995 -0.00965334 -0.007509 0.00106838 -0.0147793 -0.00737789 -0.00418278 -0.0150597 -0.0109395
internal_weight=261.537 33.6096 16.0679 17.5417 7.18768 12.0885 227.927 200.967 92.1959 108.771 74.3468 77.4785 55.5646 50.4772
internal_count=1975 324 179 145 55 141 1651 1462 744 718 507 580 358 328
is_linear=0
shrinkage=0.05


Tree=36
num_leaves=15
num_cat=0
split_feature=19 0 8 3 3 6 13 3 6 3 14 14 16 4
split_gain=3.67621 4.66349 4.68323 3.37749 3.5998 3.32874 8.5684 4.76544 3.73505 3.50937 4.22443 3.27418 3.16673 2.98637
threshold=0.00036137151932397719 0.0013558216243075437 6.9129213177387426e-05 0.0010561541259173103 0.0013867014174519709 9.1526926380591802e-05 1.3003161649670173e-06 0.0007950707055528549 -0.00015724258735433369 0.00059896750894151377 0.76376261598474782 0.60179036183058721 0.68750000000000011 -0.97616866528902857
decision_type=2 2 2 2 2 2 2 2 2 2 2 2 2 2
left_child=1 -1 -3 5 -5 6 7 8 -2 -7 -11 -8 13 -4
right_child=3 2 12 4 -6 9 11 -9 -10 10 -12 -13 -14 -15
leaf_value=-0.0058426690825800045 0.0015036926497960484 0.050692471489992591 0.025002474078653799 0.04981716476394521 -0.011964618802774364 -0.043789990942324261 0.074048052377259296 -0.063787037758646067 -0.035217274873188167 -0.03186274830352951 0.047229436626010667 0.0011977399106376059 0.053141051029804487 -0.032469881446307289
leaf_weight=161.99654800444841 17.990929149091244 7.5959364883601692 3.5304059088230133 3.7581536173820478 6.3273167610168457 20.621153600513939 3.5970747657120219 5.3915384113788596 11.258155331015589 4.7147206962108603 2.6300436668097973 2.7000627666711807 2.3218296915292731 6.2827400229871255
leaf_count=1196 127 115 47 36 49 125 31 29 64 29 27 18 28 54
internal_value=-0.00696167 -0.00304732 0.0199033 -0.0159673 0.0110572 -0.0199228 -0.0108396 -0.0205926 -0.0126304 -0.0332193 -0.00354109 0.0428116 0.0006307 -0.0117935
internal_weight=260.717 181.727 19.7309 78.9891 10.0855 68.9037 40.9378 34.6406 29.2491 27.9659 7.34476 6.29714 12.135 9.81315
internal_count=1975 1440 244 535 85 450 269 220 191 181 56 49 129 101
is_linear=0
shrinkage=0.05


Tree=37
num_leaves=15
num_cat=0
split_feature=18 7 2 2 13 6 6 2 5 10 13 16 17 3
split_gain=8.32842 3.5808 4.08089 4.25927 5.5216 3.7458 3.12606 3.02983 3.83975 4.93124 4.24884 2.8112 2.96859 2.74671
threshold=0.53587397785260038 0.00027668074877695853 0.00048642741688976365 0.00064346040144901389 9.3732388846951955e-05 5.0302777507948988e-05 6.3411105245658752e-05 0.0007655856399051839 1.0000510412412964 6.0280408420479639e-05 1.2327191234929905e-05 0.88750000000000007 0.16250000000000001 0.00081924530937818271
decision_type=2 2 2 2 2 2 2 2 2 2 2 2 2 2
left_child=-1 5 -3 -4 -5 -2 -7 8 10 -10 -8 12 -9 -12
right_child=1 2 3 4 -6 6 7 11 9 -11 13 -13 -14 -15
leaf_value=-0.020005788575023341 0.0025953049542912859 0.048469844328804912 -0.037001686793028551 -0.018731688040820298 0.066028047117866195 -0.062130478772937231 0.0068561950861951897 0.022731536606205218 0.051504192066479215 -0.042516837296730017 -0.03889188880630097 0.049228140496168617 -0.046247809323130433 0.0024588983041870854
leaf_weight=80.395131096243858 102.67988000810146 7.5078412666916874 4.5035496167838556 3.79063805565238 3.8965613022446632 3.1073947586119166 9.4404016062617284 3.782713830471037 4.1686012744903556 2.0956960693001747 23.602419607341293 3.648148737847805 2.6541166827082634 4.8393204212188712
leaf_count=503 839 83 39 34 58 19 72 41 41 15 136 39 16 40
internal_value=-0.00662903 -0.000645039 0.0194705 0.00161092 0.0242321 -0.0031213 -0.0133584 -0.0105638 -0.0162124 0.0200498 -0.0222088 0.0141628 -0.00571091 -0.0318561
internal_weight=260.112 179.717 19.6986 12.1907 7.6872 160.019 57.3388 54.2314 44.1464 6.2643 37.8821 10.085 6.43683 28.4417
internal_count=1975 1472 214 131 92 1258 419 400 304 56 248 96 57 176
is_linear=0
shrinkage=0.05


Tree=38
num_leaves=15
num_cat=0
split_feature=19 0 3 3 6 13 3 6 3 14 14 13 14 4
split_gain=3.36062 4.11479 3.03409 4.26349 3.01166 7.73145 3.70519 3.42559 3.23191 3.77793 2.93654 2.93077 2.91963 8.0772
threshold=0.00036137151932397719 0.00099197753530419703 0.0011034147653998815 0.0013867014174519709 9.1526926380591802e-05 1.3003161649670173e-06 0.0007950707055528549 -0.00015724258735433369 0.00059896750894151377 0.76376261598474782 0.60179036183058721 -0.00010639927838585176 -1.1119275095361156 0.16365752681760481
decision_type=2 2 2 2 2 2 2 2 2 2 2 2 2 2
left_child=1 11 4 -4 5 6 7 12 -6 -10 -7 -1 -2 -14
right_child=2 -3 3 -5 8 10 -8 -9 9 -11 -12 -13 13 -15
leaf_value=-0.037538508353863242 -0.02011013110173784 0.010820364351829637 0.061463290463128067 -0.011326860190949794 -0.04173498390308919 0.070307451859384071 -0.05490813618995273 -0.033572014331546517 -0.029891911333671868 0.044986863508124315 0.0013366128027904832 -0.0050831479532360124 0.076439705385398696 -0.016892797003207366
leaf_weight=7.3486741483211508 8.2704514041542989 43.536292593926191 2.9540144801139814 6.3062289133667946 20.185849707573656 3.6178420484066001 6.0277157872915259 11.17242529243231 4.6792629137635222 2.6320476159453392 2.6913306266069412 130.12131118401885 3.8578762263059634 5.8080461621284485
leaf_count=53 57 447 30 49 125 31 34 64 29 28 18 940 34 36
internal_value=-0.00631777 -0.00257563 -0.0149792 0.0118932 -0.0185886 -0.0100766 -0.0192276 -0.011839 -0.0314185 -0.0029358 0.0408863 -0.0068181 0.00169828 0.0203582
internal_weight=259.209 181.006 78.2031 9.26024 68.9428 41.4457 35.1365 29.1088 27.4972 7.31131 6.30917 137.47 17.9364 9.66592
internal_count=1975 1440 535 79 456 274 225 191 182 57 49 993 127 70
is_linear=0
shrinkage=0.05


Tree=39
num_leaves=15
num_cat=0
split_feature=18 19 0 14 18 11 18 0 0 14 6 14 12 12
split_gain=7.58367 4.63857 3.85349 4.72377 3.79169 3.62704 3.24373 3.22495 3.73977 3.16857 3.52089 2.94071 3.2366 2.81167
threshold=0.88267881439845952 0.00052669374008711687 0.00061478091335449099 0.76376261598474782 0.23806539738733057 1.5284130268227869 1.4962005598870827 0.00058288468868098104 0.00048447261602168273 1.2981830651122548 0.00032240915638437345 -0.44412427696982787 56.989150090397793 3.5703334520732004
decision_type=2 2 2 2 2 2 2 2 2 2 2 2 2 2
left_child=1 4 3 11 -1 -6 9 8 -5 13 -11 -2 -13 -4
right_child=2 -3 6 7 5 -7 -8 -9 -10 10 -12 12 -14 -15
leaf_value=-0.02296004352486529 -0.0057265901986922156 -0.030422364143675319 -0.00091596048593167191 0.0029886535583690632 -0.0051720468175682419 0.054735988472522895 0.047635900989074186 -0.033048940614119657 0.068019548032951224 0.0053266082983720198 -0.059533143399206616 -0.068228738344061055 -0.012495550753900894 0.024323917624575777
leaf_weight=34.100042641162872 15.765616856515408 30.075275905430317 18.434277072548866 4.7685569897294027 93.503791633993387 2.5966838970780364 5.9801904857158652 2.320889074355363 4.1216349527239799 5.7763927355408651 3.2807876132428646 5.1352673470973969 5.2867686673998833 27.485368195921183
leaf_count=209 117 181 163 42 675 23 82 19 50 55 28 26 35 270
internal_value=-0.00601705 -0.0127242 0.00491252 -0.00772263 -0.00863601 -0.0035533 0.0126645 0.0194362 0.033138 0.00886046 -0.0181676 -0.0193495 -0.0399571 0.0141915
internal_weight=258.632 160.276 98.3557 37.3987 130.201 96.1005 60.957 11.2111 8.89019 54.9768 9.05718 26.1877 10.422 45.9196
internal_count=1975 1088 887 289 907 698 598 111 92 516 83 178 61 433
is_linear=0
shrinkage=0.05


Tree=40
num_leaves=15
num_cat=0
split_feature=17 7 3 17 10 17 4 6 5 17 4 11 7 0
split_gain=3.04492 3.32829 4.3619 4.82141 3.9831 4.28701 6.467 6.39331 6.09908 3.96742 4.53743 4.28424 3.81177 4.06808
threshold=0.98750000000000016 -0.00030207417296917999 0.00095284801340655967 0.58750000000000013 6.1113268879213852e-05 0.3708333333333334 0.016127687467220615 -0.00043777458162186361 0.12102782081928766 0.30416666666666675 0.15645615664028517 1.3841453322826704 -0.00054284807408699887 0.00061478091335449099
decision_type=2 2 2 2 2 2 2 2 2 2 2 2 2 2
left_child=1 4 9 -4 -1 6 -6 -8 12 11 -11 -3 13 -7
right_child=-2 2 3 -5 5 8 7 -9 -10 10 -12 -13 -14 -15
leaf_value=-0.04738646489422968 0.037456523018029209 -0.001428267272759999 -0.0047598478003925519 0.039642823597961736 -0.067459917177232417 -0.04218729991514597 -0.024752330590491201 0.050761080377773105 -0.048982708387994435 -0.0059979186187410372 -0.029054735744284733 0.04359674631787374 0.072290331790771822 0.038328181520878246
leaf_weight=9.557123199105261 4.0163674876093856 78.356577947735786 13.051325347274544 11.500936608761547 6.2838428691029558 2.5167627930641165 12.319595750421282 3.6285285018384483 3.1945488266646853 68.911611013114452 30.908404652029276 5.6653067879378787 3.5204429030418387 4.1651146300137043
leaf_count=57 41 626 107 136 34 18 81 31 19 469 194 66 41 55
internal_value=-0.00573802 -0.00642217 -0.00375481 0.0160396 -0.0187238 -0.0110353 -0.0244989 -0.00757147 0.0113073 -0.00639836 -0.0131373 0.00160761 0.0301853 0.00800162
internal_weight=257.596 253.58 208.394 24.5523 45.186 35.6288 22.232 15.9481 13.3969 183.842 99.82 84.0219 10.2023 6.68188
internal_count=1975 1934 1598 243 336 279 146 112 133 1355 663 692 114 73
is_linear=0
shrinkage=0.05


Tree=41
num_leaves=15
num_cat=0
split_feature=17 7 3 10 17 6 0 10 9 4 6 17 4 5
split_gain=2.78022 3.05429 3.96167 4.20077 4.12856 3.62925 3.61815 3.59348 4.83507 3.34311 3.08105 2.98929 4.23393 4.23141
threshold=0.98750000000000016 -0.00030207417296917999 0.00079226822107241856 6.1962922087989325e-05 0.30416666666666675 0.00074681606387039256 0.0010276926834954893 6.1113268879213852e-05 6.1974295511374878e-05 0.15645615664028517 -0.0002838101905888179 0.3708333333333334 -0.16408751751781989 0.12102782081928766
decision_type=2 2 2 2 2 2 2 2 2 2 2 2 2 2
left_child=1 7 4 6 5 -3 -4 -1 -9 10 -6 12 -10 -13
right_child=-2 2 3 -5 9 -7 -8 8 11 -11 -12 13 -14 -15
leaf_value=-0.045253604112269225 0.036091662179962507 -0.00051040915421611533 0.0048468536760096362 0.0028189607323612495 0.027772575812969286 0.059582621632309263 0.075457145897447467 0.039615680697250244 -0.07235842280346412 -0.027567694852572256 -0.010917151364249297 0.020807578764309026 -0.016724184631435556 -0.046776091872778112
leaf_weight=9.5084302797913534 3.9612637422978869 79.284730635583401 3.1836995333433142 28.584134422242641 5.6896082088351241 2.5947400853037825 4.2176283374428749 4.2172650285065165 4.4451221376657513 30.540680270642042 53.830799110233784 8.5359333083033544 14.825870636850597 3.1783979646861544
leaf_count=57 41 629 25 255 45 45 52 38 24 193 354 97 101 19
internal_value=-0.00547203 -0.00612373 -0.00357438 0.0115118 -0.00673178 0.00139392 0.045084 -0.0179793 -0.0106124 -0.0141193 -0.00721877 -0.0174487 -0.029557 0.0024704
internal_weight=256.598 252.637 207.926 35.9855 171.941 81.8795 7.40133 44.711 35.2026 90.0611 59.5204 30.9853 19.271 11.7143
internal_count=1975 1934 1598 332 1266 674 77 336 279 592 399 241 125 116
is_linear=0
shrinkage=0.05


end of trees

feature_importances:
recovery=75
initial_move=57
strength=50
time_to_low=38
down_move=34
bb_pct=34
range_pct=28
ret_30s=28
up_move=26
ret_15s=25
vol_120s=25
price_in_range=24
ema_cross=23
time_to_high=21
vol_60s=19
vol_accel=18
chop_ratio=18
rsi=17
asymmetry=16
vol_30s=12

parameters:
[boosting: gbdt]
[objective: binary]
[metric: auc]
[tree_learner: serial]
[device_type: cpu]
[data_sample_strategy: bagging]
[data: ]
[valid: ]
[num_iterations: 300]
[learning_rate: 0.05]
[num_leaves: 15]
[num_threads: 0]
[seed: 42]
[deterministic: 0]
[force_col_wise: 0]
[force_row_wise: 0]
[histogram_pool_size: -1]
[max_depth: -1]
[min_data_in_leaf: 20]
[min_sum_hessian_in_leaf: 0.001]
[bagging_fraction: 1]
[pos_bagging_fraction: 1]
[neg_bagging_fraction: 1]
[bagging_freq: 0]
[bagging_seed: 400]
[bagging_by_query: 0]
[feature_fraction: 0.7]
[feature_fraction_bynode: 1]
[feature_fraction_seed: 30056]
[extra_trees: 0]
[extra_seed: 12879]
[early_stopping_round: 0]
[early_stopping_min_delta: 0]
[first_metric_only: 0]
[max_delta_step: 0]
[lambda_l1: 0]
[lambda_l2: 0]
[linear_lambda: 0]
[min_gain_to_split: 0]
[drop_rate: 0.1]
[max_drop: 50]
[skip_drop: 0.5]
[xgboost_dart_mode: 0]
[uniform_drop: 0]
[drop_seed: 17869]
[top_rate: 0.2]
[other_rate: 0.1]
[min_data_per_group: 100]
[max_cat_threshold: 32]
[cat_l2: 10]
[cat_smooth: 10]
[max_cat_to_onehot: 4]
[top_k: 20]
[monotone_constraints: ]
[monotone_constraints_method: basic]
[monotone_penalty: 0]
[feature_contri: ]
[forcedsplits_filename: ]
[refit_decay_rate: 0.9]
[cegb_tradeoff: 1]
[cegb_penalty_split: 0]
[cegb_penalty_feature_lazy: ]
[cegb_penalty_feature_coupled: ]
[path_smooth: 0]
[interaction_constraints: ]
[verbosity: -1]
[saved_feature_importance_type: 0]
[use_quantized_grad: 0]
[num_grad_quant_bins: 4]
[quant_train_renew_leaf: 0]
[stochastic_rounding: 1]
[linear_tree: 0]
[max_bin: 255]
[max_bin_by_feature: ]
[min_data_in_bin: 3]
[bin_construct_sample_cnt: 200000]
[data_random_seed: 175]
[is_enable_sparse: 1]
[enable_bundle: 1]
[use_missing: 1]
[zero_as_missing: 0]
[feature_pre_filter: 1]
[pre_partition: 0]
[two_round: 0]
[header: 0]
[label_column: ]
[weight_column: ]
[group_column: ]
[ignore_column: ]
[categorical_feature: ]
[forcedbins_filename: ]
[precise_float_parser: 0]
[parser_config_file: ]
[objective_seed: 16083]
[num_class: 1]
[is_unbalance: 0]
[scale_pos_weight: 0.453274]
[sigmoid: 1]
[boost_from_average: 1]
[reg_sqrt: 0]
[alpha: 0.9]
[fair_c: 1]
[poisson_max_delta_step: 0.7]
[tweedie_variance_power: 1.5]
[lambdarank_truncation_level: 30]
[lambdarank_norm: 1]
[label_gain: ]
[lambdarank_position_bias_regularization: 0]
[eval_at: ]
[multi_error_top_k: 1]
[auc_mu_weights: ]
[num_machines: 1]
[local_listen_port: 12400]
[time_out: 120]
[machine_list_filename: ]
[machines: ]
[gpu_platform_id: -1]
[gpu_device_id: -1]
[gpu_use_dp: 0]
[num_gpu: 1]

end of parameters

pandas_categorical:null
